0, 0, 0, 0, 0, 0, 126, 16, 0, 0, 0, 0, 0, 0, 0, 0, 
0, 0, 0, 0, 0, 0, 188, 49, 192, 0, 0, 0, 0, 0, 0, 0, 
0, 0, 0, 0, 0, 0, 124, 115, 128, 0, 0, 0, 0, 0, 1, 0, 
0, 0, 0, 0, 0, 1, 189, 255, 0, 0, 0, 0, 0, 0, 7, 0, 
0, 0, 0, 0, 0, 0, 127, 252, 0, 0, 0, 0, 0, 0, 14, 64, 
0, 0, 0, 0, 0, 0, 127, 240, 0, 0, 0, 0, 0, 0, 60, 0, 
0, 0, 0, 0, 0, 1, 231, 224, 0, 0, 0, 0, 0, 0, 112, 0, 
0, 0, 0, 0, 0, 15, 27, 128, 0, 0, 0, 0, 0, 1, 248, 16, 
0, 0, 0, 0, 0, 124, 7, 0, 0, 0, 0, 0, 0, 3, 254, 0, 
0, 0, 0, 0, 7, 224, 0, 0, 0, 0, 0, 0, 0, 15, 251, 0, 
